765,744
765,744
765,744
765,744
765,744
765,744
765,744
765,744
765,744
765,744
765,744
765,744
765,744
765,744
765,744
765,744
765,744
765,744
766,744
766,745
766,745
766,745
767,745
767,745
767,745
767,745
767,745
767,745
767,745
767,745
767,745
768,746
768,746
768,746
768,746
768,746
768,746
768,747
768,747
768,747
768,747
768,747
768,747
768,748
770,748
770,748
770,748
770,748
770,748
770,748
770,748
771,748
772,748
772,748
772,748
773,748
773,748
773,748
773,748
773,748
773,748
773,748
773,748
773,748
773,748
773,749
773,749
773,749
774,749
774,750
774,750
774,750
774,750
774,750
774,750
774,750
775,750
775,751
776,752
776,753
776,753
776,753
776,753
776,753
777,753
777,753
777,753
777,753
777,753
777,753
777,754
777,754
778,754
778,754
778,754
778,754
778,754
778,754
778,754
778,754
778,754
778,754
778,754
778,754
778,755
778,755
778,755
778,755
779,755
779,755
779,756
779,757
779,757
779,757
779,757
779,757
779,757
779,757
779,757
779,757
779,757
779,757
779,757
779,757
779,757
780,758
780,758
780,758
780,758
780,758
780,758
782,758
782,758
782,758
782,758
782,758
782,758
782,758
782,758
782,758
782,758
782,758
782,758
782,758
783,758
783,758
783,758
784,759
784,759
784,759
784,759
785,759
785,759
785,759
785,759
785,759
785,761
785,761
785,761
785,761
785,761
786,761
786,761
787,761
787,761
787,761
787,761
787,761
787,762
787,762
787,762
787,762
787,762
787,762
787,762
787,762
787,762
788,762
788,762
788,762
789,762
789,762
789,762
789,762
789,762
789,762
789,762
789,762
789,762
789,762
789,763
789,763
789,763
789,763
789,763
789,763
789,763
789,763
789,763
789,763
790,763
790,764
790,764
790,764
790,764
790,764
790,764
790,764
791,764
791,764
791,764
791,764
791,764
791,764
791,764
791,764
791,764
791,764
791,764
791,764
796,770
796,771
796,772
796,772
797,773
797,773
797,773
797,773
797,773
797,774
797,775
797,775
797,775
797,775
797,775
797,775
797,775
797,776
798,776
798,778
798,779
798,779
798,779
798,780
799,780
799,780
800,780
800,780
801,780
802,780
802,780
802,780
802,780
802,780
802,780
802,780
802,780
802,780
802,780
802,780
802,780
802,780
802,780
802,780
802,780
802,780
802,780
802,780
802,780
802,780
802,780
803,780
803,780
804,780
804,780
805,780
805,780
805,780
805,780
805,780
805,781
805,781
805,781
805,781
805,782
805,783
806,783
806,783
806,783
806,784
806,784
806,784
806,784
806,784
807,784
807,784
807,784
807,784
807,784
807,784
807,784
807,784
807,784
807,784
807,785
807,785
807,785
807,785
807,785
808,785
808,785
808,785
808,785
808,785
808,785
808,785
810,785
810,785
810,785
810,785
810,787
810,787
810,787
810,787
810,787
810,787
809,787
810,787
810,787
810,787
810,787
810,787
810,787
810,787
810,787
811,787
811,787
811,787
811,787
811,787
811,787
811,787
811,787
811,787
811,787
811,787
811,787
811,787
811,787
811,787
812,787
813,788
813,788
813,788
813,788
814,788
815,788
815,788
815,788
815,788
815,789
815,789
815,789
815,789
815,789
815,789
815,789
815,789
815,789
815,789
815,789
815,790
815,790
815,790
815,791
816,791
816,791
816,791
816,791
816,791
816,792
816,792
816,792
816,792
816,792
815,792
815,793
815,793
815,793
815,793
815,793
815,793
815,794
815,795
815,795
815,795
815,795
815,795
815,795
815,796
815,796
815,796
815,796
815,796
815,796
815,796
816,796
816,796
816,796
816,796
817,796
817,796
817,796
817,796
817,796
817,796
817,796
817,796
818,797
818,797
818,797
818,797
818,797
818,797
818,797
818,798
818,798
818,798
819,798
819,798
819,798
819,798
819,798
819,798
819,798
819,798
819,798
819,799
819,799
820,799
821,799
821,799
881,873
880,873
880,873
880,873
880,873
880,873
880,873
880,873
880,873
880,873
881,873
881,873
881,873
881,873
881,874
880,874
880,874
880,875
880,875
880,876
881,876
881,876
881,876
881,876
881,876
881,876
881,876
881,877
882,877
882,877
882,876
884,876
884,876
